0 0.209375 0.669531 0.100000 0.135937
0 0.308594 0.671094 0.101562 0.139063
0 0.401562 0.667188 0.096875 0.140625
0 0.504687 0.676562 0.090625 0.143750
0 0.593750 0.678906 0.112500 0.148438
0 0.691406 0.674219 0.079687 0.151562
0 0.794531 0.674219 0.095312 0.135937
0 0.900000 0.684375 0.084375 0.146875
0 0.904687 0.446094 0.109375 0.167187
0 0.705469 0.456250 0.104688 0.171875
0 0.322656 0.460156 0.107813 0.145313
0 0.913281 0.213281 0.098437 0.176563
0 0.808594 0.215625 0.101562 0.184375
0 0.603906 0.452344 0.101562 0.157812
0 0.381250 0.226562 0.115625 0.181250
0 0.278906 0.228906 0.110937 0.179688
0 0.230469 0.460938 0.095312 0.153125
