0 0.295312 0.696875 0.087500 0.121875
0 0.376563 0.692187 0.087500 0.118750
0 0.460938 0.690625 0.093750 0.109375
0 0.544531 0.696875 0.082812 0.121875
0 0.617969 0.691406 0.076563 0.117188
0 0.693750 0.685937 0.078125 0.109375
0 0.775781 0.688281 0.079687 0.117188
0 0.860938 0.687500 0.081250 0.115625
0 0.402344 0.514844 0.070312 0.126562
0 0.632812 0.508594 0.078125 0.120313
0 0.710156 0.508594 0.079687 0.129688
0 0.871875 0.505469 0.078125 0.132812
0 0.373437 0.332031 0.090625 0.139063
0 0.464844 0.334375 0.085938 0.140625
0 0.882812 0.321875 0.081250 0.146875
0 0.792969 0.325000 0.079687 0.146875
