0 0.238281 0.663281 0.098437 0.126562
0 0.335156 0.660937 0.082812 0.125000
0 0.414062 0.656250 0.096875 0.118750
0 0.508594 0.665625 0.085938 0.128125
0 0.583594 0.665625 0.076563 0.125000
0 0.667188 0.666406 0.084375 0.110937
0 0.759375 0.667969 0.078125 0.126562
0 0.850781 0.676562 0.085938 0.134375
0 0.604688 0.468750 0.090625 0.134375
0 0.692969 0.471094 0.079687 0.142187
0 0.864844 0.474219 0.085938 0.148438
0 0.354687 0.475781 0.084375 0.139063
0 0.273438 0.471094 0.090625 0.135937
0 0.854688 0.267188 0.093750 0.165625
0 0.771094 0.262500 0.076563 0.156250
0 0.414062 0.272656 0.096875 0.151562
0 0.327344 0.275781 0.095312 0.157812
