0 0.233594 0.714844 0.085938 0.129688
0 0.339062 0.705469 0.078125 0.117188
0 0.421094 0.706250 0.085938 0.118750
0 0.507812 0.711719 0.078125 0.126562
0 0.593750 0.715625 0.090625 0.125000
0 0.674219 0.712500 0.079687 0.125000
0 0.760938 0.707812 0.096875 0.128125
0 0.849219 0.710938 0.079687 0.128125
0 0.875000 0.514062 0.087500 0.140625
0 0.700000 0.514844 0.068750 0.139063
0 0.614062 0.517188 0.087500 0.131250
0 0.357031 0.517969 0.092188 0.129688
0 0.267969 0.514062 0.082812 0.137500
0 0.894531 0.315625 0.079687 0.156250
0 0.433594 0.321875 0.104688 0.162500
0 0.342187 0.319531 0.084375 0.160938
