0 0.729688 0.379688 0.071875 0.115625
0 0.800000 0.381250 0.062500 0.118750
0 0.797656 0.528906 0.060937 0.110937
0 0.660937 0.529687 0.062500 0.106250
0 0.597656 0.525000 0.067187 0.106250
0 0.398438 0.525781 0.068750 0.098437
0 0.339062 0.524219 0.059375 0.104688
0 0.307812 0.678125 0.062500 0.096875
0 0.375781 0.673438 0.060937 0.096875
0 0.439063 0.676562 0.056250 0.093750
0 0.513281 0.676562 0.060937 0.103125
0 0.575000 0.679688 0.050000 0.093750
0 0.640625 0.679688 0.065625 0.096875
0 0.710156 0.682813 0.057813 0.100000
0 0.772656 0.682813 0.057813 0.103125
