0 0.918750 0.389844 0.146875 0.245312
0 0.796875 0.385156 0.131250 0.226562
0 0.086719 0.386719 0.126562 0.223438
0 0.230469 0.386719 0.135937 0.239063
0 0.135937 0.686719 0.118750 0.192188
0 0.527344 0.685937 0.117188 0.193750
0 0.650781 0.690625 0.129688 0.209375
0 0.928906 0.692187 0.114062 0.221875
0 0.037500 0.930469 0.075000 0.120313
0 0.126562 0.929688 0.106250 0.112500
0 0.251563 0.934375 0.125000 0.128125
0 0.391406 0.935156 0.129688 0.126562
0 0.508594 0.935156 0.120313 0.129688
0 0.639062 0.938281 0.112500 0.114062
0 0.767188 0.937500 0.128125 0.115625
0 0.910937 0.933594 0.143750 0.117188
