0 0.350000 0.343750 0.100000 0.137500
0 0.472656 0.339062 0.101562 0.165625
0 0.858594 0.337500 0.073438 0.153125
0 0.939844 0.342187 0.114062 0.165625
0 0.257031 0.549219 0.095312 0.154688
0 0.359375 0.550781 0.087500 0.157812
0 0.631250 0.548438 0.096875 0.162500
0 0.718750 0.547656 0.093750 0.164062
0 0.895312 0.548438 0.100000 0.162500
0 0.203906 0.761719 0.095312 0.148438
0 0.311719 0.760156 0.098437 0.129688
0 0.398438 0.753906 0.112500 0.129688
0 0.500000 0.752344 0.100000 0.139063
0 0.591406 0.750781 0.092188 0.129688
0 0.668750 0.749219 0.093750 0.123438
0 0.764844 0.744531 0.098437 0.129688
0 0.850000 0.750781 0.075000 0.129688
