0 0.217188 0.738281 0.118750 0.154688
0 0.321094 0.741406 0.110937 0.151562
0 0.421875 0.743750 0.125000 0.156250
0 0.531250 0.751563 0.100000 0.159375
0 0.625000 0.752344 0.121875 0.167187
0 0.741406 0.757031 0.104688 0.160938
0 0.858594 0.760156 0.126562 0.157812
0 0.453125 0.344531 0.012500 0.007812
0 0.389062 0.250000 0.112500 0.200000
0 0.276562 0.250781 0.112500 0.207813
0 0.764062 0.498437 0.134375 0.175000
0 0.634375 0.500000 0.112500 0.168750
0 0.335156 0.505469 0.129688 0.176563
0 0.221094 0.503906 0.104688 0.176563
0 0.974219 0.496875 0.051562 0.193750
0 0.861719 0.228906 0.126562 0.217188
