0 0.291406 0.658594 0.082812 0.107813
0 0.357031 0.660937 0.073438 0.100000
0 0.430469 0.657813 0.076563 0.096875
0 0.498437 0.664062 0.068750 0.112500
0 0.563281 0.668750 0.064062 0.100000
0 0.626563 0.666406 0.068750 0.104688
0 0.703906 0.671094 0.060937 0.101562
0 0.776563 0.678125 0.065625 0.109375
0 0.378906 0.505469 0.060937 0.104688
0 0.654687 0.505469 0.062500 0.104688
0 0.795312 0.511719 0.065625 0.114062
0 0.586719 0.506250 0.067187 0.109375
0 0.789062 0.350000 0.059375 0.115625
0 0.718750 0.351562 0.065625 0.112500
0 0.439063 0.363281 0.071875 0.114062
