0 0.499219 0.480469 0.395313 0.732812
0 0.092188 0.183594 0.175000 0.326562
0 0.094531 0.489844 0.173437 0.292187
0 0.261719 0.188281 0.154688 0.307812
0 0.416406 0.196875 0.157812 0.346875
0 0.586719 0.182812 0.148438 0.325000
0 0.750000 0.171875 0.156250 0.293750
0 0.910937 0.178906 0.150000 0.314063
0 0.093750 0.791406 0.178125 0.307812
0 0.904687 0.792188 0.159375 0.303125
0 0.743750 0.786719 0.153125 0.314063
0 0.903906 0.482031 0.160938 0.289062
0 0.740625 0.485156 0.162500 0.298438
0 0.258594 0.790625 0.154688 0.318750
0 0.263281 0.482812 0.167187 0.293750
