0 0.546094 0.375781 0.051562 0.204687
0 0.664844 0.379688 0.051562 0.225000
0 0.781250 0.384375 0.059375 0.206250
0 0.811719 0.636719 0.051562 0.214062
0 0.512500 0.635156 0.059375 0.223438
0 0.514062 0.885938 0.056250 0.206250
0 0.559375 0.883594 0.059375 0.201563
0 0.643750 0.878906 0.068750 0.214062
0 0.735938 0.882812 0.046875 0.218750
0 0.783594 0.877344 0.057813 0.207813
0 0.605469 0.627344 0.054688 0.223438
0 0.644531 0.627344 0.051562 0.223438
0 0.686719 0.630469 0.054688 0.229687
0 0.729688 0.624219 0.043750 0.223438
0 0.765625 0.625000 0.043750 0.234375
0 0.557813 0.635938 0.043750 0.246875
0 0.648438 0.881250 0.059375 0.215625
0 0.746875 0.373437 0.043750 0.212500
0 0.510156 0.375781 0.035937 0.217188
