0 0.496094 0.396875 0.035937 0.215625
0 0.535937 0.389062 0.050000 0.212500
0 0.498437 0.657031 0.046875 0.214062
0 0.545312 0.648438 0.056250 0.221875
0 0.591406 0.649219 0.060937 0.229687
0 0.634375 0.645312 0.050000 0.225000
0 0.678125 0.644531 0.043750 0.229687
0 0.717969 0.646094 0.051562 0.226562
0 0.757031 0.651563 0.051562 0.246875
0 0.501563 0.903125 0.040625 0.193750
0 0.548438 0.899219 0.059375 0.201563
0 0.589063 0.900000 0.050000 0.200000
0 0.724219 0.896875 0.048438 0.206250
0 0.766406 0.899219 0.051562 0.201563
0 0.773438 0.409375 0.037500 0.196875
0 0.663281 0.397656 0.054688 0.214062
